9060
4761
8038
219
8731
4379
7590
8098
1745
3696
7428
2810
9661
6924
8280
4012
3078
3174
8088
9963
9950
4555
3277
1103
5334
7226
5211
9910
9428
106
5384
3064
8767
4390
2266
667
1727
4405
1774
954
1082
6481
106
8227
3
2492
5879
8637
5360
1556
2527
8266
3921
2386
2496
4505
5131
6935
8532
1505
2815
7680
2317
1639
8312
8011
4043
8918
8305
7613
5932
2320
5047
7134
2528
7116
8096
8697
1100
2842
1347
221
8197
1519
7579
7118
9143
28
1894
1408
9183
4792
5873
269
1786
3402
4164
2114
9915
5639
2096
6961
332
7747
9271
3854
6866
6787
9858
9027
56
81
5835
9337
3805
6241
3130
4445
4060
4841
8868
4015
671
6897
2077
1140
6447
8425
8995
9126
2952
5982
8782
9108
746
8033
9889
450
2248
7372
252
2356
170
6514
1352
2749
2604
183
111
5545
3919
3366
8054
8721
418
8081
9937
7082
9317
1778
1054
2088
1439
4379
6075
4074
1299
374
8591
5772
6352
6327
2197
335
4589
6512
7492
4157
9192
9328
2183
6264
1961
3450
5207
9586
1575
3708
8690
6312
1743
6454
1133
470
6318
1811
4564
9438
439
925
1450
2230
5239
4339
9193
1239
4816
7719
7779
3906
4236
5780
1537
3636
3242
8437
3774
7989
9172
136
6146
1238
1684
5926
7676
3545
5194
1727
4017
6425
1948
1701
7365
8267
7878
9953
4672
7622
4257
7615
8417
3856
5929
8431
2076
5963
8564
1144
875
1528
8037
222
266
3950
8426
3859
546
9313
6663
9295
6045
3089
7349
5001
1958
6182
2062
3270
5758
3289
3765
6152
3732
1557
1719
2290
5309
6900
3850
1713
8628
7697
4499
2489
8388
5373
1435
3415
3488
7666
3054
5359
959
8609
1570
8975
154
4575
6473
9541
7548
5294
5386
1233
1410
1885
6490
8709
5878
6136
2197
3646
9110
8597
667
1995
2237
4860
6613
232
4747
8647
9782
1739
235
8406
5193
5123
3634
6391
2136
734
4074
4309
4165
3334
2311
3266
4726
150
2530
2726
1184
999
9116
3055
9896
6009
1589
3222
6738
8941
7962
9888
8441
2548
9159
7294
998
3004
6692
1367
8722
9487
4000
1463
9572
8448
4432
7333
3331
8971
134
110
7702
2021
1110
2430
6270
827
2157
2831
7181
4059
9653
6842
6419
7833
5868
5264
7822
5017
2268
5369
3458
1163
7651
1697
6999
1300
3483
5095
5224
4256
9891
1414
2454
1499
2186
6420
1438
376
4671
3818
847
7508
7833
8310
9834
805
5044
5386
2580
9168
3158
8314
6703
8412
299
186
8017
9413
5431
8617
991
709
7607
2925
4168
1886
4388
8567
5647
9448
7473
7446
3993
2097
4522
9597
6977
9341
5510
6194
6256
8097
2515
9703
4745
5224
4711
7689
1200
5647
2050
5672
4945
9701
2827
3785
9901
4908
7789
7948
6417
124
9739
3132
5342
5712
4321
8253
3890
4349
3209
8676
7550
9237
6008
2894
8194
1551
8180
8944
822
346
7367
3647
1045
1801
2501
7939
2917
4384
9696
2069
5199
7562
3424
6132
2005
3030
4361
2680
903
105
3799
498
2438
3374
8122
5708
3693
9933
5591
1997
6728
8845
773
6071
6404
6092
5734
3541
3211
29
5336
3153
8300
4787
7124
9988
9460
9876
4536
8811
7190
9147
8041
4364
194
6869
4856
7671
3679
440
4246
2984
8793
7699
5341
6354
436
7353
9728
5913
7296
4467
9469
4521
4769
4293
5845
7651
9897
1781
9895
7464
5397
427
4807
1228
804
6409
9524
3182
1236
1710
9862
6418
5783
5999
8007
601
9446
4417
3199
5754
148
2270
1515
6370
9678
7167
3242
5901
1024
7205
7774
5545
545
429
7587
2013
2892
7760
5550
4027
7829
193
4677
9233
4605
6698
8738
2417
9933
8891
1852
9127
8582
4141
7316
6774
8912
2084
1550
7284
6814
7270
2158
4031
3936
4317
5873
9001
8412
5994
7709
5333
8867
2819
1572
3602
1240
2282
5412
6627
8429
825
9615
5780
9000
2294
610
51
6760
4460
3101
4455
6210
8266
7213
559
1682
646
8944
288
825
3384
4005
3939
1182
166
260
5763
2569
7361
5534
6630
319
8570
2502
5989
7655
6378
8678
1642
7354
5822
5888
3952
6540
6901
9123
601
9253
1013
1920
594
3338
5124
5802
5045
467
9323
4598
2481
2034
8494
7482
9399
8926
6471
7783
1287
9411
1224
6551
5304
5615
949
6581
5003
1143
3700
1046
7928
1043
9659
157
1556
5441
8587
6939
5195
2768
7457
9169
1979
1780
6197
9608
2507
1987
6489
5026
69
9118
7836
4837
8029
8109
6616
8626
6036
2190
4446
7549
414
8277
317
1438
2375
8337
5926
7605
3986
3179
6235
2166
5601
5702
4572
7171
9418
1341
7721
6663
8301
8674
977
8810
6854
8469
5775
7094
2472
9961
903
3005
1969
3555
2402
3702
5110
4759
7233
4170
6061
8884
4687
537
6530
9317
9236
2327
7184
3092
9208
8342
8116
7783
9248
1740
947
1507
8231
7553
6209
2479
8780
7672
2276
3230
3844
5693
3300
870
2061
4659
4108
3551
4249
9417
7634
4087
5927
1184
2880
3448
3557
9380
753
6208
8536
4186
4307
662
6402
3603
175
3327
1608
3582
3751
662
8261
3300
5473
7190
9027
6314
1031
8196
4234
8212
7181
3478
7753
507
9227
694
4673
2761
2569
9400
6919
9715
8341
9658
1386
6285
8115
8458
8131
781
5590
667
9313
619
5826
2627
5711
5690
4421
890
8349
6204
1974
3971
652
4476
2909
5895
8023
3128
8654
8847
4660
4351
3743
8546
8606
5815
9451
6389
8199
6220
3712
3453
2622
6514
4165
781
4681
6600
4983
2630
8340
5326
1051
4362
7741
8017
2653
557
3376
2220
435
8650
2127
6743
9654
4962
6876
927
4021
9896
9886
1679
2691
5776
6139
2168
1349
7785
311
2128
4861
1423
8145
9671
507
9334
6947
3028
805
589
6809
2541
3013
5979
5785
5062
1326
9526
6860
2850
7552
7401
2579
5087
6391
308
2635
5275
1870
9220
315
